date,filename,changes,deletion,additions
2022-01-03 23:12:13,py,4,-2,2
2022-01-03 23:12:13,csv,4,-2,2
2022-01-03 23:12:13,html,2,-1,1
2022-01-03 23:12:13,py,11,-2,9
2022-01-03 23:12:13,py,52,-16,36
2022-01-01 17:43:02,py,2,-1,1
2022-01-01 17:41:53,py,2,-1,1
2022-01-01 17:41:53,csv,2,0,2
2022-01-01 17:41:53,csv,2,0,2
2022-01-01 17:41:53,py,18,-5,13
2022-01-01 17:41:53,py,4,-1,3
2022-01-01 17:41:53,py,2,-1,1
2022-01-01 17:41:53,py,35,-7,28
2022-01-01 17:41:53,csv,2,-1,1
2022-01-01 17:41:53,csv,1,0,1
2022-01-01 17:41:53,html,71,0,71
2022-01-01 17:41:53,html,71,0,71
2022-01-01 17:41:53,py,14,0,14
2022-01-01 17:41:53,html,70,-17,53
2022-01-01 17:41:53,py,25,-10,15
2022-01-01 17:41:53,py,137,0,137
2021-12-29 05:11:43,py,2,-1,1
2021-12-29 05:11:25,txt,110,0,110
2021-12-29 05:11:25,py,53,0,53
2021-12-29 05:11:25,py,112,0,112
2021-12-29 05:11:25,py,6,-1,5
2021-12-29 05:11:25,py,1,0,1
2021-12-29 05:11:25,py,20,-3,17
2021-12-29 05:11:25,csv,3,-2,1
2021-12-29 05:11:25,csv,1,0,1
2021-12-29 05:11:25,html,42,0,42
2021-12-29 05:11:25,md,11,0,11
2021-12-29 05:11:25,yml,1,0,1
2021-12-29 05:11:25,css,262,0,262
2021-12-29 05:11:25,md,11,0,11
2021-12-29 05:11:25,yml,1,0,1
2021-12-29 05:11:25,html,316,-11,305
2021-12-29 05:11:25,css,262,0,262
2021-12-29 05:11:25,py,52,-24,28
2021-12-28 18:50:05,py,8,-2,6
2021-12-28 18:50:05,csv,5,-2,3
2021-12-28 18:50:05,py,30,-9,21
2021-12-28 05:09:20,py,16,0,16
2021-12-28 05:09:20,py,123,0,123
2021-12-28 05:09:20,py,29,0,29
2021-12-28 05:09:20,py,26,0,26
2021-12-28 05:09:20,py,16,0,16
2021-12-28 05:09:20,csv,2,0,2
2021-12-28 05:09:20,py,22,0,22
2021-12-28 05:09:20,html,23,0,23
2021-12-28 05:09:20,py,112,0,112
2021-12-28 05:09:20,py,142,-38,104
2021-12-26 22:42:36,py,5,-2,3
2021-12-26 22:23:08,py,48,-3,45
2021-12-26 20:03:43,md,1,0,1
2021-12-26 19:59:25,py,27081,0,27081
2021-12-26 19:59:25,py,14,-1,13
2021-12-21 02:31:55,md,1,0,1
2021-12-21 02:21:57,py,1,0,1
