date,filename,changes,deletion,additions
2013-04-30 01:52:13,ruby-version,2,-1,1
2013-04-24 03:59:52,lock,128,-62,66
2013-04-23 23:56:35,ruby-gemset,1,0,1
2013-04-23 23:56:35,ruby-version,1,0,1
2012-10-16 04:18:03,js,2,-1,1
2012-04-21 04:43:09,lock,2,0,2
2012-04-21 04:43:09,js,44,0,44
2012-04-20 18:37:14,document,5,0,5
2012-04-20 18:37:14,gitignore,49,0,49
2012-04-20 18:37:14,rvmrc,1,0,1
2012-04-20 18:37:14,lock,115,0,115
2012-04-20 18:37:14,txt,20,0,20
2012-04-20 18:37:14,md,117,0,117
2012-04-20 18:37:14,gemspec,71,0,71
2012-04-20 18:37:14,rb,40,0,40
2012-04-20 18:37:14,rb,61,0,61
2012-04-20 18:37:14,js,84,0,84
2012-04-20 18:37:14,lightbox-0,498,0,498
2012-04-20 18:37:14,css,35,0,35
2012-04-20 18:37:14,lightbox-0,101,0,101
2017-03-13 16:10:29,json,2,-1,1
2017-03-13 16:10:02,json,2,-1,1
2017-03-10 18:29:59,json,2,-1,1
2017-03-10 18:29:16,json,62,-31,31
2017-03-02 20:35:19,json,2,-1,1
2017-03-02 20:34:48,json,6,-3,3
2017-02-28 20:22:40,json,2,-1,1
2017-02-28 20:19:34,md,2,0,2
2017-02-28 20:19:34,json,26,-13,13
2017-02-19 17:07:47,md,4,0,4
2017-02-19 17:00:37,json,2,-1,1
2017-02-19 17:00:16,json,2,-1,1
2017-02-19 16:31:32,md,26,-13,13
2017-02-19 16:31:32,md,4,-2,2
2017-02-18 17:18:16,md,18,-9,9
2017-02-18 17:17:29,json,2,-1,1
2017-02-18 17:17:25,json,4,-2,2
2017-02-15 22:28:09,md,18,-9,9
2017-01-29 05:37:09,json,2,-1,1
2017-01-29 05:37:01,md,1,0,1
2017-01-29 05:37:01,json,2,-1,1
2017-01-26 21:07:18,md,706,-353,353
2017-01-26 21:04:56,md,5,-4,1
2017-01-26 19:57:08,md,3,0,3
2017-01-26 18:01:49,js,2,-1,1
2017-01-23 18:49:16,json,2,-1,1
2017-01-23 18:49:13,json,2,-1,1
2017-01-20 23:14:39,json,2,-1,1
2017-01-20 23:11:32,js,12,0,12
2017-01-20 23:09:13,json,2,-1,1
2017-01-20 23:09:01,node,7,-6,1
2017-01-18 10:00:38,json,2,-1,1
2017-01-18 10:00:25,js,507,-476,31
2017-01-18 10:00:25,json,4,-2,2
2017-01-06 17:12:26,json,2,-1,1
2017-01-06 17:12:05,json,6,-3,3
2016-11-23 01:31:45,json,2,-1,1
2016-11-23 01:13:48,json,44,-22,22
2016-11-22 02:53:45,md,4,-2,2
2016-11-04 14:55:27,md,2,-1,1
2016-11-04 14:34:27,md,2,-1,1
2016-11-02 22:32:05,md,12,0,12
2016-10-27 18:53:45,md,105,-44,61
2016-10-27 18:43:19,json,2,-1,1
2016-10-27 18:43:10,js,4,-1,3
2016-10-27 18:43:10,json,4,-2,2
2016-10-20 17:51:07,md,6,-3,3
2016-10-20 17:50:30,json,2,-1,1
2016-10-20 17:49:59,json,2,-1,1
2016-10-19 21:43:25,md,6,-3,3
2016-10-11 15:54:56,json,2,-1,1
2016-10-11 15:54:51,json,4,-2,2
2016-10-07 16:09:57,md,9,0,9
2016-09-22 17:30:22,json,2,-1,1
2016-09-22 17:30:06,json,2,-1,1
2016-09-20 20:12:56,json,2,-1,1
2016-09-20 20:12:52,json,2,-1,1
2016-09-19 20:43:03,md,2,-1,1
2016-09-19 18:55:44,json,2,-1,1
2016-09-19 18:55:39,json,4,-2,2
2016-09-19 16:11:00,json,3,-1,2
2016-09-19 16:11:00,node,4,-3,1
2016-09-19 15:52:43,md,28,0,28
2016-09-12 23:35:35,json,2,-1,1
2016-09-12 23:35:30,json,18,-9,9
2016-09-11 14:56:34,md,4,-2,2
2016-08-30 19:26:38,md,2,-1,1
2016-08-30 19:25:30,md,6,-3,3
2016-08-30 19:25:30,md,2,-1,1
2016-08-30 16:46:24,md,6,-3,3
2016-08-30 16:46:24,md,2,-1,1
2016-08-16 04:21:49,json,2,-1,1
2016-08-16 04:19:25,json,2,-1,1
2016-08-16 04:19:18,json,2,-1,1
2016-08-11 15:47:25,json,1,0,1
2016-08-07 14:58:26,md,2,-1,1
2016-08-07 14:52:32,md,4,-2,2
2016-08-07 14:51:27,md,4,-2,2
2016-08-07 14:50:53,md,4,-3,1
2016-08-07 14:49:47,md,14,-1,13
2016-08-03 00:42:13,json,2,-1,1
